knapPI_1_50_1000000_1
n                 50
c             949252
z            3747694
time      0.00
         1     15094    400485         0
         2    524506    756326         0
         3    794416    379248         0
         4    940992    845421         0
         5    566649    680322         0
         6    249237    215795         0
         7    796457    658043         0
         8    767815    942845         0
         9    119446    524955         0
        10    663422    949252         0
        11    888791    861009         0
        12    149359    125901         0
        13    845667    881122         0
        14    331598    581094         0
        15    282007    738738         0
        16    920544    488574         0
        17    885334    865715         0
        18    582766    278882         0
        19    593994    731367         0
        20    759893    659984         0
        21    762633     73299         1
        22    987131    549433         0
        23    705428    415682         0
        24    476700    890072         0
        25    530617    797874         0
        26    215874    500138         0
        27    277720    253856         0
        28    974419    387145         1
        29    169794     37995         1
        30    328196    191529         0
        31     95997     36199         0
        32    283116    583277         0
        33    215908    580097         0
        34    255539    159719         1
        35    145707    935242         0
        36    638569    736107         0
        37    825537     41122         1
        38     90931    141070         0
        39    955726    476098         0
        40    475487    753600         0
        41    759772    236645         1
        42    767513    507267         0
        43    152081    141972         0
        44    429943    909895         0
        45    188058    683213         0
        46    184303    699748         0
        47    913764    689487         0
        48    906536    471923         0
        49    190724    817029         0
        50     63789    425674         0
