knapPI_1_100_10000000_40
n                100
c          175284838
z          405007343
time      0.00
         1   4720117   6271475         0
         2   5053030   1921583         1
         3   1618407   4926101         0
         4   5686595    940366         1
         5   1818601   3537215         0
         6   7220880   1390829         1
         7   7650257   6045904         1
         8    198779    235599         0
         9   6214838   2568200         1
        10   9809386    345581         1
        11   7366574   5851415         1
        12   2860946   5813902         0
        13   9833010   2902079         1
        14   8616489   2669823         1
        15   8462494   5229224         1
        16   7358259   2240240         1
        17   4668757   3425344         1
        18   7757305   8792299         0
        19   8699522   4856012         1
        20   8719641   7844081         1
        21   5065977    206992         1
        22   4461750   4885683         0
        23   6571579   7732887         0
        24   7875919   6841578         1
        25   5236632   2728352         1
        26   9220782    790867         1
        27   2893423   2346661         0
        28   1957879   4413515         0
        29   7745297    607113         1
        30   2136160   7547138         0
        31   4761412   6235997         0
        32    472319   3650911         0
        33   2868323   6561359         0
        34   6883902   6803056         0
        35   2827939   9101743         0
        36   7457644   7253516         0
        37   1938160   2847519         0
        38   9259118   3624072         1
        39   9585910   5544407         1
        40   8297107   1678482         1
        41   7283899   5218322         1
        42   9788165   8361645         1
        43   2894825   3631257         0
        44   9604954   1858249         1
        45   5055658   6693098         0
        46   6237258   4494206         1
        47   6603436   6171525         1
        48   2871804    180325         1
        49     40260     42706         1
        50   4596473   6580755         0
        51   9585966   7887922         1
        52   4190274   7840819         0
        53    172146   8778784         0
        54   2319228   9834815         0
        55   2739043   2015620         1
        56   1452489   2953435         0
        57   9746114   2910100         1
        58   9270579   8890830         0
        59   8195455   1065447         1
        60   3812546   2917917         1
        61   3920287   8603288         0
        62   4165293   1463622         1
        63   3586105   6497939         0
        64   3553837   8688406         0
        65   1719706   7483135         0
        66   9906028   2532519         1
        67   7438728    868936         1
        68   6258077   2335226         1
        69   8939428   1528903         1
        70   3071653   3898925         0
        71   7748072    913169         1
        72   1894006   8591065         0
        73   1757136    951513         1
        74   7227645   9756810         0
        75   2197910   8120835         0
        76   9287601   2678364         1
        77   9765525   7161158         1
        78   8696780   4319534         1
        79   2486351   6203388         0
        80    152471   2787590         0
        81   9080202   2233353         1
        82   6839005   7203713         0
        83   7160213   5378278         1
        84   7757185   3172469         1
        85   9849384   5771209         1
        86   1622444   3403685         0
        87   8967785    223731         1
        88   6084254   2851999         1
        89   6971531   1085589         1
        90   6444966   8017846         0
        91   5692817   1748832         1
        92   2633645   7091608         0
        93   9882289   7719976         1
        94   6469356   5920267         1
        95   5054163   5452723         0
        96   6451518    614216         1
        97   2162488   5455908         0
        98   2522767    398708         1
        99   2783032   3224191         0
       100   1571956   2704695         0
